1854 200 144391
2161 200 185340
1766 200 121419
1753 200 133023
4774 200 178536
4491 200 172378
1775 200 148004
2195 200 204862
1850 200 123988
1900 200 121203
1802 200 160578
20380 200 109380
1990 200 208431
2066 200 301333
1846 200 138256
1902 200 148902
2185 200 128275
4405 200 213902
1974 200 143101
1808 200 192761
1944 200 155876
4519 200 171123
3857 200 195490
1837 200 196247
1878 200 186837
1897 200 151413
1881 200 213157
2779 200 174838
2778 200 131848
2698 200 298088
1858 200 250357
1874 200 123463
